timestamp,device_id,button,event
